[0, 0.1828, 0.1344]
[1, 0.1828, 0.1344]
[2, 0.1394, 0.0926]
[3, 0.14, 0.0938]
[4, 0.1326, 0.0866]
[5, 0.131, 0.087]
[6, 0.1276, 0.0806]
[7, 0.1246, 0.081]
[8, 0.1234, 0.0796]
[9, 0.1238, 0.0794]
[10, 0.1228, 0.0818]
[11, 0.1226, 0.08]
[12, 0.1218, 0.0792]
[13, 0.1214, 0.0784]
[14, 0.1184, 0.0794]
[15, 0.118, 0.0782]
[16, 0.1166, 0.0808]
[17, 0.1176, 0.0802]
[18, 0.115, 0.0816]
[19, 0.116, 0.0806]
[20, 0.1162, 0.0808]
[21, 0.1164, 0.081]
[22, 0.1152, 0.0814]
[23, 0.1164, 0.0802]
[24, 0.1156, 0.0798]
[25, 0.118, 0.0786]
[26, 0.1186, 0.078]
[27, 0.1184, 0.077]
[28, 0.1184, 0.0792]
[29, 0.1204, 0.077]
[30, 0.1192, 0.0784]
[31, 0.1188, 0.0776]
[32, 0.1188, 0.077]
[33, 0.119, 0.077]
[34, 0.1188, 0.0786]
[35, 0.1184, 0.0776]
[36, 0.1176, 0.0786]
[37, 0.1184, 0.078]
[38, 0.1182, 0.0786]
[39, 0.12, 0.0776]
[40, 0.1192, 0.079]
[41, 0.119, 0.0784]
[42, 0.1178, 0.0786]
[43, 0.119, 0.0772]
[44, 0.1196, 0.078]
[45, 0.1188, 0.0784]
[46, 0.1176, 0.0776]
[47, 0.1174, 0.0782]
[48, 0.118, 0.0772]
[49, 0.1166, 0.0774]
[50, 0.117, 0.0784]
[51, 0.1162, 0.0786]
[52, 0.1158, 0.0792]
[53, 0.117, 0.078]
[54, 0.1164, 0.0788]
[55, 0.1166, 0.0778]
[56, 0.117, 0.0776]
[57, 0.1166, 0.077]
[58, 0.1156, 0.0778]
[59, 0.117, 0.0774]
[60, 0.1168, 0.0778]
[61, 0.1172, 0.0776]
[62, 0.1168, 0.0768]
[63, 0.118, 0.0774]
[64, 0.118, 0.0772]
[65, 0.1186, 0.0772]
[66, 0.1178, 0.0778]
[67, 0.118, 0.0774]
[68, 0.1176, 0.0784]
[69, 0.1178, 0.0776]
[70, 0.1172, 0.078]
[71, 0.1168, 0.0788]
[72, 0.1176, 0.0788]
[73, 0.1176, 0.0782]
[74, 0.1176, 0.0778]
[75, 0.1176, 0.078]
[76, 0.118, 0.0782]
[77, 0.1174, 0.0786]
[78, 0.1182, 0.0786]
[79, 0.1184, 0.0784]
[80, 0.1198, 0.0772]
[81, 0.1192, 0.0778]
[82, 0.1194, 0.0782]
[83, 0.1196, 0.078]
[84, 0.1194, 0.078]
[85, 0.1194, 0.0778]
[86, 0.1194, 0.0782]
[87, 0.12, 0.0778]
[88, 0.1198, 0.0792]
[89, 0.1194, 0.078]
[90, 0.119, 0.0786]
[91, 0.1194, 0.0782]
[92, 0.1188, 0.079]
[93, 0.1192, 0.0788]
[94, 0.1192, 0.0784]
[95, 0.1196, 0.0782]
[96, 0.1186, 0.0794]
[97, 0.1184, 0.0796]
[98, 0.1186, 0.0796]
[99, 0.1192, 0.0794]
