0, 0.1166, 0.1088, 0.1166, 0.1088, 0.1166, 0.1088
1, 0.4118488621407101, 0.2993567809172259, 0.4076, 0.4142, 0.1166, 0.1088
2, 0.16188807785688403, 0.3349493295686862, 0.1626, 0.1542, 0.1166, 0.1088
3, 0.48541417669888853, 0.42026019525727215, 0.486, 0.496, 0.1166, 0.1088
4, 0.4723839699474036, 0.43658730801928874, 0.469, 0.4522, 0.1108, 0.1066
5, 0.23561105824021242, 0.46685790215290585, 0.2282, 0.225, 0.114, 0.109
6, 0.8391560689688634, 0.4596424905403298, 0.8546, 0.8606, 0.1116, 0.1062
7, 0.4154169248858149, 0.4493865288451094, 0.4076, 0.4142, 0.1108, 0.1066
8, 0.12821170863388354, 0.4486221487820376, 0.1248, 0.1192, 0.1088, 0.105
9, 0.6172535570045664, 0.44764679019175546, 0.6144, 0.6198, 0.111, 0.1072
10, 0.16251396271616728, 0.4681063852864006, 0.1536, 0.1498, 0.1096, 0.1054
11, 0.7673895803822591, 0.4660620816193368, 0.78, 0.7854, 0.108, 0.1054
12, 0.7456790594736603, 0.4738392743508423, 0.7384, 0.7372, 0.108, 0.1054
13, 0.41104248865856835, 0.43958846792433376, 0.4042, 0.4036, 0.1082, 0.1048
14, 0.20110221417144747, 0.4625776993153847, 0.1994, 0.1944, 0.1096, 0.1066
15, 0.801865261378723, 0.47492085847496013, 0.8088, 0.816, 0.1082, 0.1056
16, 0.42107121518984186, 0.44981255275542975, 0.4072, 0.4192, 0.1074, 0.1028
17, 0.502992469994813, 0.45267569840602473, 0.4922, 0.4832, 0.1078, 0.1048
18, 0.23485923982122406, 0.4769373250516833, 0.2282, 0.225, 0.106, 0.1042
19, 0.7686401471638002, 0.47889010981445873, 0.78, 0.7854, 0.1072, 0.1046
20, 0.38234473755998993, 0.46756413364618205, 0.3714, 0.3764, 0.1058, 0.1044
21, 0.7413966619258097, 0.4754802594124527, 0.7384, 0.7372, 0.1078, 0.1046
22, 0.34884244580592894, 0.4545097286549191, 0.359, 0.3462, 0.1076, 0.1046
23, 0.38252984234591275, 0.4567812577520509, 0.3832, 0.3888, 0.1078, 0.1048
24, 0.23399594361636444, 0.48552788705580757, 0.2282, 0.225, 0.107, 0.1052
25, 0.7694215771710031, 0.48049463268315934, 0.78, 0.7854, 0.1074, 0.1046
26, 0.4220617309252162, 0.47033397433885615, 0.4266, 0.4314, 0.1068, 0.1038
27, 0.4649533428914374, 0.4650645610832545, 0.4702, 0.4768, 0.1076, 0.105
28, 0.23430565329964423, 0.48574045720292575, 0.2282, 0.225, 0.1072, 0.1048
29, 0.4150712118543597, 0.46771904338063974, 0.4076, 0.4142, 0.107, 0.105
30, 0.2209985517498566, 0.46937933609513677, 0.2156, 0.2168, 0.107, 0.105
31, 0.5533577403960418, 0.46688470261499515, 0.5676, 0.5712, 0.1072, 0.1052
32, 0.769684215769015, 0.48502821055754225, 0.78, 0.7854, 0.108, 0.1046
33, 0.19804708754744577, 0.4845804530311756, 0.1994, 0.1944, 0.1066, 0.105
34, 0.5293936316306125, 0.47623760969117185, 0.5462, 0.5468, 0.107, 0.105
35, 0.8051722080226261, 0.4872590162331483, 0.8088, 0.816, 0.1064, 0.1042
36, 0.22152664882182704, 0.48023957936537576, 0.2182, 0.2172, 0.1066, 0.1034
37, 0.8752161433061485, 0.4877089760315597, 0.8834, 0.8912, 0.1062, 0.1032
38, 0.18836406332482714, 0.486638640822528, 0.1716, 0.1678, 0.1064, 0.1028
39, 0.7451702719428743, 0.4831456389118075, 0.7384, 0.7372, 0.1062, 0.1034
40, 0.1883740860391436, 0.4891264672469229, 0.1716, 0.1678, 0.1064, 0.1024
41, 0.6080748496186491, 0.49055385353007186, 0.6262, 0.6198, 0.1062, 0.1026
42, 0.5530072718767837, 0.48522965915521327, 0.5676, 0.5712, 0.1068, 0.1034
43, 0.5992149708583899, 0.4832825769048366, 0.5928, 0.5932, 0.1062, 0.1026
44, 0.31198560595146446, 0.48431819396884596, 0.3294, 0.3202, 0.107, 0.1024
45, 0.19843258872242822, 0.4924726977058392, 0.1994, 0.1944, 0.1064, 0.1028
46, 0.8045751106656219, 0.492046850423022, 0.8088, 0.816, 0.1072, 0.1032
47, 0.3734382585483187, 0.4905157549687034, 0.3522, 0.3606, 0.1058, 0.1024
48, 0.19835085563062357, 0.49530387487249083, 0.1994, 0.1944, 0.106, 0.1024
49, 0.5553871285496574, 0.4925691481180398, 0.5722, 0.5766, 0.1062, 0.1028
50, 0.6127055304542497, 0.488632199344701, 0.6144, 0.6198, 0.1068, 0.103
51, 0.12752194638423783, 0.4929497221482118, 0.1248, 0.1192, 0.1064, 0.1024
52, 0.7701177979863927, 0.49230673235232425, 0.78, 0.7854, 0.1064, 0.1024
53, 0.5510146948518165, 0.48866091861090055, 0.539, 0.539, 0.1064, 0.1036
54, 0.23327202411860862, 0.49390601587297744, 0.2282, 0.225, 0.1064, 0.1028
55, 0.6183727459571416, 0.49483827867385916, 0.6318, 0.6286, 0.107, 0.1038
56, 0.7408064659594905, 0.49322934139477376, 0.7544, 0.7518, 0.1064, 0.1034
57, 0.12761348344786297, 0.4928595011871082, 0.1248, 0.1192, 0.107, 0.1036
58, 0.7454771705062447, 0.49177748520799003, 0.7384, 0.7372, 0.1062, 0.1034
59, 0.12765414245917503, 0.4937753166226134, 0.1248, 0.1192, 0.107, 0.1038
60, 0.8047804212551996, 0.49427123551973456, 0.8088, 0.816, 0.1062, 0.1032
61, 0.1879610048979435, 0.4927780278966254, 0.1716, 0.1678, 0.107, 0.1034
62, 0.7445574253699976, 0.49417224409576677, 0.76, 0.7548, 0.1066, 0.1032
63, 0.4208653237154501, 0.48846236517173003, 0.4072, 0.4192, 0.1068, 0.1034
64, 0.48308381749873336, 0.48730848921042835, 0.4916, 0.464, 0.1068, 0.1036
65, 0.19817001475820492, 0.4957313840396733, 0.1994, 0.1944, 0.107, 0.1034
66, 0.5244160094527831, 0.49387617016269253, 0.5392, 0.5364, 0.107, 0.1032
67, 0.4163056718424917, 0.49025603096906273, 0.4076, 0.4142, 0.107, 0.1036
68, 0.18848391833276948, 0.49398905001828924, 0.1716, 0.1678, 0.107, 0.1034
69, 0.8751033125902072, 0.4945442301250996, 0.8834, 0.8912, 0.1072, 0.1034
70, 0.402312735922492, 0.4955525843921363, 0.3986, 0.396, 0.107, 0.1036
71, 0.12791430091933403, 0.49714955835621694, 0.1248, 0.1192, 0.107, 0.1034
72, 0.8586222369533522, 0.49774432729449064, 0.8616, 0.8638, 0.107, 0.1036
73, 0.40336003675333887, 0.4960478277262146, 0.407, 0.4106, 0.1068, 0.1032
74, 0.6113357261093244, 0.49286536951645865, 0.6144, 0.6198, 0.1072, 0.1034
75, 0.587582034305097, 0.493503903887695, 0.5832, 0.5782, 0.107, 0.1034
76, 0.1278346698169696, 0.49505480338782654, 0.1248, 0.1192, 0.1068, 0.1034
77, 0.8586719690336485, 0.4978592123519066, 0.8616, 0.8638, 0.1068, 0.1036
78, 0.2629683470405883, 0.49723456635465973, 0.2652, 0.2508, 0.1068, 0.1032
79, 0.6633321422707277, 0.4974623025601677, 0.6726, 0.6816, 0.1068, 0.1036
80, 0.12783401551255064, 0.4984764431557804, 0.1248, 0.1192, 0.107, 0.1034
81, 0.8586788903779862, 0.4979988519015261, 0.8616, 0.8638, 0.1068, 0.1034
82, 0.27199105617434216, 0.49748513121191734, 0.2716, 0.2598, 0.1068, 0.1034
83, 0.8586507240410095, 0.4986086549863884, 0.8616, 0.8638, 0.1068, 0.1036
84, 0.4722274763441783, 0.49776674207402305, 0.4792, 0.4884, 0.1068, 0.1032
85, 0.5581696322530314, 0.4952241004709352, 0.5498, 0.5508, 0.107, 0.1036
86, 0.3266146770516601, 0.495695684111909, 0.33, 0.3164, 0.107, 0.1032
87, 0.8585514995195264, 0.49818532800371484, 0.8616, 0.8638, 0.107, 0.1036
88, 0.12786127793578758, 0.49812189316184097, 0.1248, 0.1192, 0.107, 0.1032
89, 0.8585477597174264, 0.4981739796185718, 0.8616, 0.8638, 0.107, 0.1036
90, 0.5894685033489027, 0.49349052843507507, 0.5958, 0.5964, 0.1074, 0.1032
91, 0.136968920628588, 0.49746319616464746, 0.133, 0.129, 0.1072, 0.1034
92, 0.8404689213019748, 0.49627626232917865, 0.8546, 0.8606, 0.1074, 0.103
93, 0.13696108412047198, 0.4970955268485082, 0.133, 0.129, 0.1074, 0.1034
94, 0.6057310563027919, 0.4974119785151109, 0.5988, 0.596, 0.1074, 0.1034
95, 0.2896518073976815, 0.4949818091619739, 0.2848, 0.289, 0.1072, 0.1032
96, 0.7459929968386796, 0.4942722861186292, 0.7384, 0.7372, 0.1072, 0.103
97, 0.32633168773060117, 0.49634943919334484, 0.3376, 0.3366, 0.1072, 0.1032
98, 0.12771150388063965, 0.4985112878696185, 0.1248, 0.1192, 0.1072, 0.1032
99, 0.8585945783668268, 0.4983230060506585, 0.8616, 0.8638, 0.1072, 0.1032
100, 0.43994596313350454, 0.4975291770344601, 0.4288, 0.4292, 0.1074, 0.1032
101, 0.3111501985554022, 0.4975499959958755, 0.3126, 0.3014, 0.1072, 0.1032
102, 0.8585255794689268, 0.4987024812882951, 0.8616, 0.8638, 0.1072, 0.1032
103, 0.32627209524251116, 0.4983563901258454, 0.3376, 0.3366, 0.1072, 0.1032
104, 0.8585725533716468, 0.49908765370201447, 0.8616, 0.8638, 0.1074, 0.1032
105, 0.4559129989319672, 0.4980598031454443, 0.4466, 0.4492, 0.1074, 0.1032
106, 0.12776329428655467, 0.4987698955749919, 0.1248, 0.1192, 0.1074, 0.1032
107, 0.8585408832196837, 0.4985575736298467, 0.8616, 0.8638, 0.1074, 0.1032
108, 0.3411763897252737, 0.49800219711493054, 0.3386, 0.3272, 0.1074, 0.1032
109, 0.8047202187345986, 0.497817028245702, 0.8088, 0.816, 0.1074, 0.103
110, 0.12777590320509657, 0.4977199311151787, 0.1248, 0.1192, 0.1074, 0.1032
111, 0.8584901372622185, 0.4986177641602052, 0.8616, 0.8638, 0.1074, 0.103
112, 0.42656752948366344, 0.4983327685946244, 0.4336, 0.4418, 0.1072, 0.1032
