[0, 0.1608, 0.122]
[1, 0.1608, 0.122]
[2, 0.1416, 0.0966]
[3, 0.1402, 0.0968]
[4, 0.1316, 0.0908]
[5, 0.1286, 0.0894]
[6, 0.1248, 0.0826]
[7, 0.1256, 0.0852]
[8, 0.1248, 0.0822]
[9, 0.1238, 0.0824]
[10, 0.1204, 0.0806]
[11, 0.121, 0.0806]
[12, 0.1202, 0.08]
[13, 0.1198, 0.0804]
[14, 0.1208, 0.0774]
[15, 0.1206, 0.0798]
[16, 0.1182, 0.0786]
[17, 0.1188, 0.0806]
[18, 0.1208, 0.0802]
[19, 0.119, 0.0798]
[20, 0.1208, 0.0806]
[21, 0.1186, 0.0808]
[22, 0.1198, 0.08]
[23, 0.1194, 0.0796]
[24, 0.1204, 0.0798]
[25, 0.1216, 0.079]
[26, 0.1204, 0.079]
[27, 0.1196, 0.08]
[28, 0.1204, 0.0796]
[29, 0.1206, 0.0796]
[30, 0.12, 0.0814]
[31, 0.12, 0.0818]
[32, 0.119, 0.0818]
[33, 0.1198, 0.0824]
[34, 0.1194, 0.0808]
[35, 0.1188, 0.0818]
[36, 0.1194, 0.081]
[37, 0.1186, 0.0818]
[38, 0.1182, 0.0816]
[39, 0.1192, 0.0818]
[40, 0.1186, 0.0822]
[41, 0.1184, 0.0824]
[42, 0.1176, 0.0828]
[43, 0.1174, 0.0824]
[44, 0.1178, 0.082]
[45, 0.1186, 0.0828]
[46, 0.1186, 0.0812]
[47, 0.1186, 0.082]
[48, 0.118, 0.0824]
[49, 0.1176, 0.0822]
[50, 0.1174, 0.0822]
[51, 0.1176, 0.0818]
[52, 0.117, 0.0828]
[53, 0.117, 0.0828]
[54, 0.1164, 0.0828]
[55, 0.1172, 0.0826]
[56, 0.1168, 0.0816]
[57, 0.1172, 0.0816]
[58, 0.1172, 0.0816]
[59, 0.1176, 0.0818]
[60, 0.117, 0.0816]
[61, 0.1182, 0.0804]
[62, 0.1172, 0.0804]
[63, 0.1172, 0.0808]
[64, 0.1168, 0.0806]
[65, 0.1164, 0.0802]
[66, 0.1168, 0.0802]
[67, 0.116, 0.0804]
[68, 0.117, 0.0806]
[69, 0.1162, 0.0818]
[70, 0.1168, 0.0812]
[71, 0.1162, 0.0812]
[72, 0.1168, 0.0806]
[73, 0.1166, 0.08]
[74, 0.1164, 0.08]
[75, 0.1164, 0.0804]
[76, 0.1162, 0.0808]
[77, 0.1158, 0.081]
[78, 0.116, 0.0808]
[79, 0.1158, 0.0808]
[80, 0.116, 0.0796]
[81, 0.116, 0.0806]
[82, 0.1162, 0.0814]
[83, 0.1162, 0.0814]
[84, 0.1164, 0.0814]
[85, 0.1164, 0.0814]
[86, 0.1166, 0.0814]
[87, 0.1164, 0.081]
[88, 0.1168, 0.0814]
[89, 0.1168, 0.0814]
[90, 0.1166, 0.0816]
[91, 0.1166, 0.081]
[92, 0.1164, 0.081]
[93, 0.1158, 0.0814]
[94, 0.1154, 0.0808]
[95, 0.1158, 0.0818]
[96, 0.115, 0.0814]
[97, 0.1158, 0.0818]
[98, 0.1158, 0.0812]
[99, 0.1162, 0.0814]
