[0, 0.1748, 0.1284]
[1, 0.1748, 0.1284]
[2, 0.1466, 0.0964]
[3, 0.145, 0.0994]
[4, 0.1314, 0.0894]
[5, 0.1348, 0.0904]
[6, 0.132, 0.0858]
[7, 0.1324, 0.0866]
[8, 0.129, 0.0828]
[9, 0.1286, 0.0822]
[10, 0.1308, 0.08]
[11, 0.127, 0.0816]
[12, 0.129, 0.0802]
[13, 0.127, 0.0802]
[14, 0.1256, 0.079]
[15, 0.1264, 0.0798]
[16, 0.1274, 0.0796]
[17, 0.1268, 0.0812]
[18, 0.1252, 0.08]
[19, 0.1256, 0.081]
[20, 0.1238, 0.0792]
[21, 0.1248, 0.0792]
[22, 0.1216, 0.0796]
[23, 0.1212, 0.0794]
[24, 0.1228, 0.0796]
[25, 0.1226, 0.081]
[26, 0.1212, 0.0798]
[27, 0.1206, 0.0796]
[28, 0.1204, 0.08]
[29, 0.1202, 0.0794]
[30, 0.1198, 0.0798]
[31, 0.1192, 0.0816]
[32, 0.1202, 0.0796]
[33, 0.1188, 0.0814]
[34, 0.1188, 0.079]
[35, 0.1178, 0.0796]
[36, 0.119, 0.0798]
[37, 0.118, 0.0802]
[38, 0.1172, 0.0794]
[39, 0.1182, 0.079]
[40, 0.1176, 0.079]
[41, 0.1176, 0.079]
[42, 0.1176, 0.0788]
[43, 0.118, 0.0796]
[44, 0.118, 0.0808]
[45, 0.118, 0.08]
[46, 0.118, 0.0806]
[47, 0.1162, 0.081]
[48, 0.116, 0.0814]
[49, 0.117, 0.0812]
[50, 0.117, 0.082]
[51, 0.1166, 0.0812]
[52, 0.117, 0.0814]
[53, 0.1168, 0.08]
[54, 0.1168, 0.0804]
[55, 0.117, 0.08]
[56, 0.1164, 0.0802]
[57, 0.1164, 0.0796]
[58, 0.1166, 0.0796]
[59, 0.1174, 0.079]
[60, 0.1178, 0.0804]
[61, 0.1174, 0.0798]
[62, 0.1176, 0.0798]
[63, 0.1174, 0.0796]
[64, 0.118, 0.08]
[65, 0.1182, 0.0788]
[66, 0.1174, 0.0796]
[67, 0.118, 0.0796]
[68, 0.1172, 0.0796]
[69, 0.1168, 0.0794]
[70, 0.1168, 0.08]
[71, 0.1166, 0.0786]
[72, 0.1178, 0.079]
[73, 0.1182, 0.078]
[74, 0.1168, 0.0794]
[75, 0.1174, 0.0786]
[76, 0.1168, 0.0786]
[77, 0.117, 0.0786]
[78, 0.118, 0.0786]
[79, 0.118, 0.0782]
[80, 0.1182, 0.079]
[81, 0.1178, 0.0788]
[82, 0.1176, 0.0794]
[83, 0.118, 0.0794]
[84, 0.1182, 0.0782]
[85, 0.118, 0.0778]
[86, 0.1178, 0.078]
[87, 0.1178, 0.0786]
[88, 0.1178, 0.0782]
[89, 0.1186, 0.078]
[90, 0.1188, 0.078]
[91, 0.1182, 0.0782]
[92, 0.1186, 0.079]
[93, 0.1184, 0.079]
[94, 0.119, 0.0788]
[95, 0.118, 0.0794]
[96, 0.1188, 0.08]
[97, 0.1168, 0.0794]
[98, 0.1174, 0.0802]
[99, 0.1172, 0.08]
